codigoParlamentar,DataSessaoPlenaria,DescricaoIdentificacaoMateria,EmentaMateria,DescricaoVoto
5386,2023-06-20,MPV 1165/2023,"Institui a Estratégia Nacional de Formação de Especialistas para a Saúde, no âmbito do Programa Mais Médicos, e altera a Lei nº 12.871, de 22 de outubro de 2013.",Não
5386,2023-11-08,PEC 45/2019,Altera o Sistema Tributário Nacional.,Sim
5386,2023-11-08,PEC 45/2019,Altera o Sistema Tributário Nacional.,Não
5386,2023-11-08,PEC 45/2019,Altera o Sistema Tributário Nacional.,Sim
5386,2023-11-08,PEC 45/2019,Altera o Sistema Tributário Nacional.,Não
5386,2023-11-08,PEC 45/2019,Altera o Sistema Tributário Nacional.,Sim
5386,2023-10-10,PL 2721/2023,Dispõe sobre a prestação de serviços postais aos órgãos públicos federais da administração direta e indireta.,Sim
5386,2023-08-29,PLP 257/2019,"Altera a Lei Complementar nº 101, de 04 de maio de 2000, e a Lei n° 12.340, de 1º de dezembro de 2010, para aperfeiçoar os meios técnicos e financeiros de resposta da União a calamidades públicas.",Sim
5386,2023-06-06,PEC 43/2022,"Acrescenta o art. 121 ao Ato das Disposições Constitucionais Transitórias, para assegurar prazo de vigência adicional aos instrumentos de permissão lotérica.",Sim
5386,2023-06-06,PEC 43/2022,"Acrescenta o art. 121 ao Ato das Disposições Constitucionais Transitórias, para assegurar prazo de vigência adicional aos instrumentos de permissão lotérica.",Sim
5386,2023-05-24,MSF 22/2023,"Submete à apreciação do Senado Federal, de conformidade com o art. 52, inciso IV, da Constituição, e com o art. 39, combinado com o art. 41 da Lei nº 11.440, de 2006, o nome do Senhor BENONI BELLI, Ministro de Primeira Classe da Carreira de Diplomata do Ministério das Relações Exteriores, para exercer o cargo de Representante Permanente do Brasil junto à Organização dos Estados Americanos.",Votou
5386,2023-05-24,MSF 20/2023,"Submete à apreciação do Senado Federal, de conformidade com o art. 52, inciso IV, da Constituição, e com o art. 39, combinado com o art. 41 da Lei nº 11.440, de 2006, o nome do Senhor CLEMENTE DE LIMA BAENA SOARES, Ministro de Primeira Classe da Carreira de Diplomata do Ministério das Relações Exteriores, para exercer o cargo de Embaixador do Brasil na República do Peru.",Votou
5386,2023-05-24,MSF 19/2023,"Submete à apreciação do Senado Federal, de conformidade com o art. 52, inciso IV, da Constituição, e com o art. 39, combinado com o art. 41 da Lei nº 11.440, de 2006, o nome do Senhor GUILHERME DE AGUIAR PATRIOTA, Ministro de Primeira Classe da Carreira de Diplomata do Ministério das Relações Exteriores, para exercer o cargo de Delegado Permanente do Brasil junto à Organização Mundial do Comércio e a outras Organizações Econômicas, em Genebra, Confederação Suíça.",Presente – Não registrou voto
5386,2023-05-24,MSF 18/2023,"Submete à apreciação do Senado Federal, de conformidade com o art. 52, inciso IV, da Constituição, e com o art. 39, combinado com o art. 41 da Lei nº 11.440, de 2006, o nome do Senhor MICHEL ARSLANIAN NETO, Ministro de Primeira Classe da Carreira de Diplomata do Ministério das Relações Exteriores, para exercer o cargo de Delegado Permanente do Brasil junto à Organização de Aviação Civil Internacional, em Montreal, Canadá.",Presente – Não registrou voto
5386,2023-05-24,MSF 15/2023,"Submete à apreciação do Senado Federal, de conformidade com o art. 52, inciso IV, da Constituição, e com o art. 39, combinado com o art. 41 da Lei nº 11.440, de 2006, o nome do Senhor PAULO ROBERTO CAMINHA DE CASTILHOS FRANÇA, Ministro de Primeira Classe do Quadro Especial da Carreira de Diplomata do Ministério das Relações Exteriores, para exercer o cargo de Embaixador do Brasil na República Helênica.",Votou
5386,2023-05-10,PLP 245/2019,"Regulamenta o inciso II do § 1º do art. 201 da Constituição Federal, que dispõe sobre a concessão de aposentadoria especial aos segurados do Regime Geral de Previdência Social, e dá outras providências.",Sim
5386,2023-03-28,PLP 189/2019,"Dá nova redação ao § 1º do art. 1º da Lei Complementar nº 94, de 19 de fevereiro de 1998, para incluir o Município de Uruana de Minas na Região Integrada de Desenvolvimento do Distrito Federal e Entorno – RIDE.",Sim
5386,2023-05-23,MSF 17/2023,"Submete à apreciação do Senado Federal, de conformidade com o art. 52, inciso IV, da Constituição, e com o art. 39, combinado com o art. 41 da Lei nº 11.440, de 2006, o nome do Senhor FREDERICO SALOMÃO DUQUE ESTRADA MEYER, Ministro de Primeira Classe do Quadro Especial da Carreira de Diplomata do Ministério das Relações Exteriores, para exercer o cargo de Embaixador do Brasil no Estado de Israel.",Votou
5386,2023-05-23,MSF 21/2023,"Submete à apreciação do Senado Federal, de conformidade com o art. 52, inciso IV, da Constituição, e com o art. 39, combinado com o art. 41 da Lei nº 11.440, de 2006, o nome do Senhor CHRISTIAN VARGAS, Ministro de Primeira Classe da Carreira de Diplomata do Ministério das Relações Exteriores, para exercer o cargo de Embaixador do Brasil na República de Cuba.",Votou
5386,2023-05-23,MSF 11/2023,"Submete à apreciação do Senado Federal, de conformidade com o art. 52, inciso IV, da Constituição, e com o art. 39, combinado com o art. 41 da Lei nº 11.440, de 2006, o nome do Senhor ANTONIO DE AGUIAR PATRIOTA, Ministro de Primeira Classe do Quadro Especial da Carreira de Diplomata do Ministério das Relações Exteriores, para exercer o cargo de Embaixador do Brasil no Reino Unido da Grã-Bretanha e Irlanda do Norte.",Votou
5386,2023-05-17,MSF 12/2023,"Submete à apreciação do Senado Federal, de conformidade com o art. 52, inciso IV, da Constituição, e com o art. 39, combinado com o art. 41 da Lei nº 11.440, de 2006, o nome do Senhor KENNETH FÉLIX HACZYNSKI DA NÓBREGA, Ministro de Primeira Classe da Carreira de Diplomata do Ministério das Relações Exteriores, para exercer o cargo de Embaixador do Brasil na República da Índia e, cumulativamente, no Reino do Butão.",Votou
5386,2023-05-17,MSF 10/2023,"Submete à apreciação do Senado Federal, de conformidade com o art. 52, inciso IV, da Constituição, e com o art. 39, combinado com o art. 41 da Lei nº 11.440, de 2006, o nome do Senhor EVERTON VIEIRA VARGAS, Ministro de Primeira Classe do Quadro Especial da Carreira de Diplomata do Ministério das Relações Exteriores, para exercer o cargo de Embaixador do Brasil junto à Santa Sé e, cumulativamente, junto à Ordem Soberana e Militar de Malta.",Votou
5386,2023-05-17,MSF 8/2023,"Submete à apreciação do Senado Federal, de conformidade com o art. 52, inciso IV, da Constituição, e com o art. 39, combinado com o art. 41 da Lei nº 11.440, de 2006, o nome do Senhor JULIO GLINTERNICK BITELLI, Ministro de Primeira Classe da Carreira de Diplomata do Ministério das Relações Exteriores, para exercer o cargo de Embaixador do Brasil na República Argentina.",Votou
5386,2023-05-17,MSF 1/2023,"Submete à consideração do Senado Federal, nos termos do art. 52, inciso III, alínea ""f"", da Constituição, combinado com o art. 11 da Lei no 9.883, de 7 de dezembro de 1999, o nome do Senhor LUIZ FERNANDO CORRÊA, para exercer o cargo de Diretor-Geral da Agência Brasileira de Inteligência.",Votou
5386,2023-05-17,MSF 7/2023,"Submete à apreciação do Senado Federal, de conformidade com o art. 52, inciso IV, da Constituição, e com o art. 39, combinado com o art. 41 da Lei nº 11.440, de 2006, o nome do Senhor SÉRGIO FRANÇA DANESE, Ministro de Primeira Classe do Quadro Especial da Carreira de Diplomata do Ministério das Relações Exteriores, para exercer o cargo de Representante Permanente do Brasil junto às Nações Unidas.",Votou
5386,2023-05-17,MSF 9/2023,"Submete à apreciação do Senado Federal, de conformidade com o art. 52, inciso IV, da Constituição, e com o art. 39, combinado com o art. 41 da Lei nº 11.440, de 2006, o nome da Senhora MARIA LUIZA RIBEIRO VIOTTI, Ministra de Primeira Classe do Quadro Especial da Carreira de Diplomata do Ministério das Relações Exteriores, para exercer o cargo de Embaixadora do Brasil nos Estados Unidos da América.",Votou
5386,2023-05-17,MSF 23/2023,"Submete à apreciação do Senado Federal, de conformidade com o art. 52, inciso III, alínea ""f"", da Constituição, e com o art. 88-A, da Lei nº 10.233, de 5 de junho de 2001, o nome do Senhor ERICK MOURA DE MEDEIROS, para exercer o cargo de Diretor de Infraestrutura Aquaviária do Departamento Nacional de Infraestrutura de Transportes - DNIT.",Votou
5386,2023-05-17,MSF 6/2023,"Submete à apreciação do Senado Federal, de conformidade com o art. 52, inciso IV, da Constituição, e com o art. 39, combinado com o art. 41 da Lei nº 11.440, de 2006, o nome do Senhor RICARDO NEIVA TAVARES, Ministro de Primeira Classe do Quadro Especial da Carreira de Diplomata do Ministério das Relações Exteriores, para exercer o cargo de Embaixador do Brasil na República Francesa e, cumulativamente, no Principado de Mônaco.",Votou
5386,2023-05-17,MSF 5/2023,"Submete à apreciação do Senado Federal, de conformidade com o art. 52, inciso IV, da Constituição, e com o art. 39, combinado com o art. 41 da Lei nº 11.440, de 2006, o nome do Senhor PAULINO FRANCO DE CARVALHO NETO, Ministro de Primeira Classe da Carreira de Diplomata do Ministério das Relações Exteriores, para exercer o cargo de Embaixador do Brasil na República Árabe do Egito e, cumulativamente, no Estado da Eritreia.",Votou
5386,2023-05-16,PEC 162/2019,"Altera a redação do inciso VIII-A do caput do art. 93 da Constituição Federal, para permitir a permuta entre juízes de direito vinculados a diferentes tribunais.",Sim
5386,2023-05-16,PEC 162/2019,"Altera a redação do inciso VIII-A do caput do art. 93 da Constituição Federal, para permitir a permuta entre juízes de direito vinculados a diferentes tribunais.",Sim
5386,2023-05-09,PLS 332/2018,"Altera a Lei Complementar nº 87, de 13 de setembro de 1996, para vedar a incidência do Imposto sobre Operações Relativas à Circulação de Mercadorias e sobre Prestações de Serviços de Transporte Interestadual e Intermunicipal e de Comunicação nos casos de transferência de mercadoria entre estabelecimentos do mesmo contribuinte.",Sim
5386,2023-05-09,PL 1825/2022 (Substitutivo-CD),"Institui a Lei Geral do Esporte; altera as Leis nºs 9.394, de 20 de dezembro de 1996, 13.756, de 12 de dezembro de 2018, 9.696, de 1º de setembro de 1998, 13.019, de 31 de julho de 2014, 9.504, de 30 de setembro de 1997, 7.713, de 22 de dezembro de 1988; e revoga as Leis nºs 8.650, de 20 de abril de 1993, 9.615, de 24 de março de 1998, 10.671, de 15 de maio de 2003, 10.891, de 9 de julho de 2004, 11.438, de 29 de dezembro de 2006, e 12.867, de 10 de outubro de 2013.",Sim
5386,2023-02-08,PDL 2/2023,"Escolhe o Senhor Johnathan Pereira de Jesus para o cargo de Ministro do Tribunal de Contas da União, nos termos do inciso II do § 2º do art. 73 da Constituição Federal.",Votou
5386,2023-04-19,PRS 46/2023,"Autoriza o Município de Recife, no Estado de Pernambuco, a contratar operação de crédito externo, com garantia da República Federativa do Brasil, no valor de até US$ 260.000.000,00 (duzentos e sessenta milhões de dólares dos Estados Unidos da América).",Sim
5386,2024-06-05,PL 914/2024,"Institui o Programa Mobilidade Verde e Inovação (Programa Mover); estabelece a política de conteúdo local; altera o Decreto-Lei nº 1.804, de 3 de setembro de 1980; e revoga dispositivos da Lei nº 13.755, de 10 de dezembro de 2018.",Sim
5386,2024-05-22,PL 1958/2021,"Reserva aos negros 20% (vinte por cento) das vagas oferecidas nos concursos públicos para provimento de cargos efetivos e empregos públicos no âmbito da administração pública federal, das autarquias, das fundações públicas, das empresas públicas e das sociedades de economia mista controladas pela União.",Não
5386,2024-05-22,RQS 369/2024,Requer preferência para a votação da Emenda Substitutiva n° 23 em relação ao Substitutivo da CCJ.,Não
5386,2024-05-22,PLP 150/2021,"Altera a Lei Complementar nº 79, de 7 de janeiro de 1994, para instituir mecanismos de proteção à população LGBT+ encarcerada.",Sim
5386,2024-06-18,PLC 29/2017,"Dispõe sobre normas de seguro privado; revoga dispositivos da Lei nº 10.406, de 10 de janeiro de 2002 (Código Civil); e dá outras providências.",Sim
5386,2024-07-02,PLP 72/2024,"Altera a Lei Complementar nº 141, de 13 de janeiro de 2012, que regulamenta o § 3º do art. 198 da Constituição Federal, para dispor sobre as despesas de custeio e de investimento com os hospitais universitários federais, para fins de apuração do gasto mínimo constitucional em saúde.",Missão da Casa no País/exterior
5386,2024-03-13,PEC 72/2023,Altera o art. 155 da Constituição Federal para conceder imunidade do Imposto sobre a Propriedade de Veículos Automotores a veículos terrestres de passageiros com vinte anos ou mais de fabricação.,Sim
5386,2024-03-13,PEC 72/2023,Altera o art. 155 da Constituição Federal para conceder imunidade do Imposto sobre a Propriedade de Veículos Automotores a veículos terrestres de passageiros com vinte anos ou mais de fabricação.,Sim
5386,2024-07-10,MSF 19/2024,"Submete à apreciação do Senado Federal, de conformidade com o art. 52, inciso IV, da Constituição, e com o art. 39, combinado com o art. 46 da Lei nº 11.440, de 2006, o nome do Senhor ALEXANDRE HENRIQUE SCULTORI DE AZEVEDO SILVA, Ministro de Segunda Classe da Carreira de Diplomata do Ministério das Relações Exteriores, para exercer o cargo de Embaixador do Brasil na República de Cabo Verde.",Votou
5386,2024-07-10,MSF 18/2024,"Submete à apreciação do Senado Federal, de conformidade com o art. 52, inciso IV, da Constituição, e com o art. 39, combinado com o art. 46 da Lei nº 11.440, de 2006, o nome do Senhor COLBERT SOARES PINTO JUNIOR, Ministro de Segunda Classe do Quadro Especial da Carreira de Diplomata do Ministério das Relações Exteriores, para exercer o cargo de Embaixador do Brasil em Santa Lúcia e, cumulativamente, na Comunidade da Dominica.",Votou
5386,2024-07-10,MSF 22/2024,"Submete à apreciação do Senado Federal, de conformidade com o art. 52, inciso IV, da Constituição, e com o art. 39, combinado com o art. 41 da Lei nº 11.440, de 2006, o nome do Senhor LUCIANO MAZZA DE ANDRADE, Ministro de Primeira Classe da Carreira de Diplomata do Ministério das Relações Exteriores, para exercer o cargo de Embaixador do Brasil na República de Singapura.",Votou
5386,2024-07-10,MSF 23/2024,"Submete à apreciação do Senado Federal, de conformidade com o art. 52, inciso IV, da Constituição, e com o art. 39, combinado com o art. 41 da Lei nº 11.440, de 2006, o nome do Senhor RAFAEL DE MELLO VIDAL, Ministro de Primeira Classe da Carreira de Diplomata do Ministério das Relações Exteriores, para exercer o cargo de Embaixador do Brasil na Ucrânia e, cumulativamente, na República da Moldova.",Votou
5386,2024-07-10,MSF 17/2024,"Submete à apreciação do Senado Federal, de conformidade com o art. 52, inciso IV, da Constituição, e com o art. 39, combinado com o art. 41 da Lei nº 11.440, de 2006, o nome do Senhor NEDILSON RICARDO JORGE, Ministro de Primeira Classe da Carreira de Diplomata do Ministério das Relações Exteriores, para exercer o cargo de Embaixador do Brasil nos Estados Unidos Mexicanos.",Votou
5386,2024-07-10,MSF 21/2024,"Submete à apreciação do Senado Federal, de conformidade com o art. 52, inciso IV, da Constituição, e com o art. 39, combinado com o art. 41 da Lei nº 11.440, de 2006, o nome da Senhora ROSIMAR DA SILVA SUZANO, Ministra de Primeira Classe da Carreira de Diplomata do Ministério das Relações Exteriores, para exercer o cargo de Embaixadora do Brasil na República da Estônia.",Votou
5386,2024-07-10,MSF 20/2024,"Submete à apreciação do Senado Federal, de conformidade com o art. 52, inciso IV, da Constituição, e com o art. 39, combinado com o art. 41 da Lei nº 11.440, de 2006, o nome da Senhora EUGÊNIA BARTHELMESS, Ministra de Primeira Classe do Quadro Especial da Carreira de Diplomata do Ministério das Relações Exteriores, para exercer o cargo de Embaixadora do Brasil na República de Angola.",Votou
5386,2024-07-10,MSF 8/2024,"Submete à apreciação do Senado Federal, de conformidade com o art. 52, inciso IV, da Constituição, e com o art. 39, combinado com o art. 41 da Lei nº 11.440, de 2006, o nome do Senhor MARCEL FORTUNA BIATO, Ministro de Primeira Classe do Quadro Especial da Carreira de Diplomata do Ministério das Relações Exteriores, para exercer o cargo de Embaixador do Brasil na República do Cazaquistão e, cumulativamente, na República Quirguiz e no Turcomenistão.",Presente – Não registrou voto
5386,2024-07-10,MSF 7/2024,"Submete à apreciação do Senado Federal, de conformidade com o art. 52, inciso IV, da Constituição, e com o art. 39, combinado com o art. 41 da Lei nº 11.440, de 2006, o nome do Senhor FLÁVIO HELMOLD MACIEIRA, Ministro de Primeira Classe do Quadro Especial da Carreira de Diplomata do Ministério das Relações Exteriores, para exercer o cargo de Embaixador do Brasil na Irlanda.",Votou
5386,2024-07-10,MSF 11/2024,"Submete à apreciação do Senado Federal, de conformidade com o art. 52, inciso IV, da Constituição, e com o art. 39, combinado com o art. 41 da Lei nº 11.440, de 2006, o nome do Senhor RODRIGO DE AZEREDO SANTOS, Ministro de Primeira Classe da Carreira de Diplomata do Ministério das Relações Exteriores, para exercer o cargo de Embaixador do Brasil no Reino da Noruega e, cumulativamente, na Islândia.",Votou
5386,2024-07-10,MSF 10/2024,"Submete à apreciação do Senado Federal, nos termos do art. 52, inciso III, alínea ""f"", da Constituição, combinado com o art. 23 da Lei nº 13.848, de 25 de junho de 2019, o nome da Senhora SAMARA FURTADO CARNEIRO, para exercer o cargo de Ouvidora da Agência Nacional de Vigilância Sanitária - ANVISA, na vaga decorrente do término do mandato de Daniela Hoffmann Lobato Chaves Lopes.",Presente – Não registrou voto
5386,2024-06-19,MSF 2/2024,"Submete à apreciação do Senado Federal, nos termos do art. 52, inciso IV, da Constituição, e do art. 39, combinado com o art. 41, da Lei nº 11.440, de 29 de dezembro de 2006, a indicação do Senhor LEONARDO LUÍS GORGULHO NOGUEIRA FERNANDES, Ministro de Primeira Classe da Carreira de Diplomata do Ministério das Relações Exteriores, para exercer o cargo de Embaixador do Brasil no Reino da Dinamarca e, cumulativamente, na República da Lituânia.",Votou
5386,2024-06-19,MSF 92/2023,"Submete à apreciação do Senado Federal, de conformidade com o art. 52, inciso IV, da Constituição, e com o art. 39, combinado com o art. 46 da Lei nº 11.440, de 2006, o nome da Senhora MARIANA GONÇALVES MADEIRA, Ministra de Segunda Classe da Carreira de Diplomata do Ministério das Relações Exteriores, para exercer o cargo de Embaixadora do Brasil na República de Gana e, cumulativamente, na República da Serra Leoa e na República da Libéria.",Presente – Não registrou voto
5386,2024-06-19,MSF 1/2024,"Submete à apreciação do Senado Federal, de conformidade com o art. 52, inciso IV, da Constituição, e com o art. 39, combinado com o art. 46 da Lei n° 11.440, de 2006, o nome do Senhor CARLOS JOSÉ AREIAS MORENO GARCETE, Ministro de Segunda Classe da Carreira de Diplomata do Ministério das Relações Exteriores, para exercer o cargo de Embaixador do Brasil na República Federal da Nigéria.",Votou
5386,2024-06-19,MSF 5/2024,"Submete à apreciação do Senado Federal, nos termos do art. 52, inciso III, alínea ""f"", da Constituição, combinado com o art. 16 da Lei nº 12.529, de 30 de novembro de 2011, o nome do Senhor ANDRÉ LUÍS MACAGNAN FREIRE, para exercer o cargo de Procurador-Chefe da Procuradoria Federal Especializada junto ao Conselho Administrativo de Defesa Econômica - CADE, na vaga decorrente do término do mandato de Juliana Oliveira Domingues em 13 de abril de 2024.",Votou
5386,2024-06-19,OFS 5/2024,"Submete à apreciação do Senado Federal, nos termos do art. 103-B, inciso II e §2º, da Constituição Federal, a indicação do Senhor MAURO LUIZ CAMPBELL MARQUES, Ministro do Superior Tribunal de Justiça, para compor o Conselho Nacional de Justiça - CNJ, no cargo de Corregedor Nacional de Justiça, no biênio 2024/2026.",Votou
5386,2024-06-19,MSF 6/2024,"Submete à apreciação do Senado Federal, nos termos do art. 52, inciso III, alínea ""f"", da Constituição, combinado com o art. 12 da Lei nº 12.529, de 30 de novembro de 2011, o nome do Senhor ALEXANDRE BARRETO DE SOUZA, para recondução ao cargo de Superintendente-Geral do Conselho Administrativo de Defesa Econômica - CADE.",Votou
5386,2024-06-19,MSF 12/2024,"Submete à apreciação do Senado Federal, nos termos do art. 111-A, inciso I, da Constituição, o nome do Senhor ANTÔNIO FABRÍCIO DE MATOS GONÇALVES, para exercer o cargo de Ministro do Tribunal Superior do Trabalho, na vaga destinada à advocacia, decorrente da aposentadoria do Ministro Emmanoel Pereira.",Votou
5386,2024-04-16,PEC 45/2023,"Altera o art. 5º da Constituição Federal, para prever como mandado de criminalização a posse e o porte de entorpecentes e drogas afins sem autorização ou em desacordo com determinação legal ou regulamentar.",Sim
5386,2024-04-16,PEC 45/2023,"Altera o art. 5º da Constituição Federal, para prever como mandado de criminalização a posse e o porte de entorpecentes e drogas afins sem autorização ou em desacordo com determinação legal ou regulamentar.",Sim
5386,2024-04-10,PLP 252/2023,"Altera a Lei Complementar n° 182, de 1° de junho de 2021, para dispor sobre o contrato de investimento conversível em capital social (CICC).",Sim
5386,2024-02-20,PL 2253/2022,"Altera a Lei nº 7.210, de 11 de julho de 1984 (Lei de Execução Penal), para dispor sobre a monitoração eletrônica do preso, prever a realização de exame criminológico para progressão de regime e extinguir o benefício da saída temporária.",Não
5386,2024-02-20,PL 2253/2022,"Altera a Lei nº 7.210, de 11 de julho de 1984 (Lei de Execução Penal), para dispor sobre a monitoração eletrônica do preso, prever a realização de exame criminológico para progressão de regime e extinguir o benefício da saída temporária.",Sim
5386,2024-07-03,PLP 262/2019,"Altera a Medida Provisória nº 2.156-5, de 24 de agosto de 2001, a Medida Provisória nº 2.157-5, de 24 de agosto de 2001, e a Lei Complementar nº 129, de 8 de janeiro de 2009, para permitir que as cooperativas possam ser beneficiárias dos recursos do Fundo de Desenvolvimento do Nordeste (FDNE), do Fundo de Desenvolvimento da Amazônia (FDA) e do Fundo de Desenvolvimento do Centro-Oeste (FDCO).",Sim
5386,2024-07-03,PL 2308/2023,"Institui o marco legal do hidrogênio de baixa emissão de carbono; dispõe sobre a Política Nacional do Hidrogênio de Baixa Emissão de Carbono; institui incentivos para a indústria do hidrogênio de baixa emissão de carbono; institui o Regime Especial de Incentivos para a Produção de Hidrogênio de Baixa Emissão de Carbono (Rehidro); cria o Programa de Desenvolvimento do Hidrogênio de Baixa Emissão de Carbono (PHBC); e altera as Leis nºs 9.427, de 26 de dezembro de 1996, e 9.478, de 6 de agosto de 1997.",Não
5386,2024-04-17,PLP 175/2023,"Altera a Lei Complementar nº 172, de 15 de abril de 2020, a fim de conceder prazo aos Estados, ao Distrito Federal e aos Municípios para executar atos de transposição e de transferência.",Sim
5386,2024-05-15,PLP 85/2024,"Autoriza a União a postergar o pagamento da dívida de entes federativos afetados por calamidade pública reconhecida pelo Congresso Nacional, mediante proposta do Poder Executivo federal, e a reduzir a taxa de juros dos contratos de dívida dos referidos entes com a União; e altera a Lei Complementar nº 101, de 4 de maio de 2000 (Lei de Responsabilidade Fiscal), e a Lei Complementar nº 159, de 19 de maio de 2017.",Sim
5386,2024-05-15,PLP 85/2024,"Autoriza a União a postergar o pagamento da dívida de entes federativos afetados por calamidade pública reconhecida pelo Congresso Nacional, mediante proposta do Poder Executivo federal, e a reduzir a taxa de juros dos contratos de dívida dos referidos entes com a União; e altera a Lei Complementar nº 101, de 4 de maio de 2000 (Lei de Responsabilidade Fiscal), e a Lei Complementar nº 159, de 19 de maio de 2017.",Presente – Não registrou voto
5386,2024-05-08,PLP 233/2023,"Dispõe sobre o Seguro Obrigatório para Proteção de Vítimas de Acidentes de Trânsito (SPVAT); altera o Decreto-Lei nº 73, de 21 de novembro de 1966, as Leis nºs 8.212, de 24 de julho de 1991, 9.503, de 23 de setembro de 1997 (Código de Trânsito Brasileiro), e 14.075, de 22 de outubro de 2020, e a Lei Complementar nº 200, de 30 de agosto de 2023; e revoga as Leis nºs 6.194, de 19 de dezembro de 1974, e 8.441, de 13 de julho de 1992, e dispositivos das Leis nºs 8.374, de 30 de dezembro de 1991, 11.482, de 31 de maio de 2007, e 11.945, de 4 de junho de 2009.",Não
5386,2024-05-08,PLP 233/2023,"Dispõe sobre o Seguro Obrigatório para Proteção de Vítimas de Acidentes de Trânsito (SPVAT); altera o Decreto-Lei nº 73, de 21 de novembro de 1966, as Leis nºs 8.212, de 24 de julho de 1991, 9.503, de 23 de setembro de 1997 (Código de Trânsito Brasileiro), e 14.075, de 22 de outubro de 2020, e a Lei Complementar nº 200, de 30 de agosto de 2023; e revoga as Leis nºs 6.194, de 19 de dezembro de 1974, e 8.441, de 13 de julho de 1992, e dispositivos das Leis nºs 8.374, de 30 de dezembro de 1991, 11.482, de 31 de maio de 2007, e 11.945, de 4 de junho de 2009.",Não
5386,2024-05-08,PLP 233/2023,"Dispõe sobre o Seguro Obrigatório para Proteção de Vítimas de Acidentes de Trânsito (SPVAT); altera o Decreto-Lei nº 73, de 21 de novembro de 1966, as Leis nºs 8.212, de 24 de julho de 1991, 9.503, de 23 de setembro de 1997 (Código de Trânsito Brasileiro), e 14.075, de 22 de outubro de 2020, e a Lei Complementar nº 200, de 30 de agosto de 2023; e revoga as Leis nºs 6.194, de 19 de dezembro de 1974, e 8.441, de 13 de julho de 1992, e dispositivos das Leis nºs 8.374, de 30 de dezembro de 1991, 11.482, de 31 de maio de 2007, e 11.945, de 4 de junho de 2009.",Sim
5386,2024-05-08,PLP 233/2023,"Dispõe sobre o Seguro Obrigatório para Proteção de Vítimas de Acidentes de Trânsito (SPVAT); altera o Decreto-Lei nº 73, de 21 de novembro de 1966, as Leis nºs 8.212, de 24 de julho de 1991, 9.503, de 23 de setembro de 1997 (Código de Trânsito Brasileiro), e 14.075, de 22 de outubro de 2020, e a Lei Complementar nº 200, de 30 de agosto de 2023; e revoga as Leis nºs 6.194, de 19 de dezembro de 1974, e 8.441, de 13 de julho de 1992, e dispositivos das Leis nºs 8.374, de 30 de dezembro de 1991, 11.482, de 31 de maio de 2007, e 11.945, de 4 de junho de 2009.",Sim
5386,2024-03-05,PLP 137/2019,"Altera a Lei Complementar nº 123, de 14 de dezembro de 2006, que institui o Estatuto Nacional da Microempresa e da Empresa de Pequeno Porte, para dispor sobre a cédula de crédito microempresarial.",Sim
5386,2023-11-22,PEC 8/2021,"Altera a Constituição Federal para dispor sobre os pedidos de vista, declaração de inconstitucionalidade e concessão de medidas cautelares nos tribunais.",Sim
5386,2023-11-22,PEC 8/2021,"Altera a Constituição Federal para dispor sobre os pedidos de vista, declaração de inconstitucionalidade e concessão de medidas cautelares nos tribunais.",Sim
5386,2023-11-07,RQS 988/2023,"Requer calendário especial para a Proposta de Emenda à Constituição nº 45, de 2019.",Sim
5386,2023-10-04,PLP 136/2023,"Dispõe sobre a compensação devida pela União nos termos dos arts. 3º e 14 da Lei Complementar nº 194, de 23 de junho de 2022, a dedução das parcelas dos contratos de dívida, a transferência direta de recursos da União aos Estados e ao Distrito Federal, a incorporação do excesso compensado judicialmente em saldo devedor de contratos de dívida administrados pela Secretaria do Tesouro Nacional do Ministério da Fazenda, o tratamento jurídico e contábil aplicável aos pagamentos, às compensações e às vinculações, as transferências de recursos aos Municípios em razão da redução das receitas do Fundo de Participação dos Municípios (FPM), as transferências de recursos aos Estados e ao Distrito Federal em razão da redução das receitas do Fundo de Participação dos Estados e do Distrito Federal (FPE) e as regras relativas ao Imposto sobre Operações Relativas à Circulação de Mercadorias e sobre Prestações de Serviços de Transporte Interestadual e Intermunicipal e de Comunicação (ICMS); e revoga dispositivo da Lei nº 5.172, de 25 de outubro de 1966 (Código Tributário Nacional), e das Leis Complementares nºs 87, de 13 de setembro de 1996 (Lei Kandir), e 192, de 11 de março de 2022.",Sim
5386,2023-09-13,MSF 54/2023,"Submete à apreciação do Senado Federal, de conformidade com o art. 52, inciso IV, da Constituição, e com o art. 39, combinado com o art. 41 da Lei nº 11.440, de 2006, o nome do Senhor MARCELO OTÁVIO DANTAS LOURES DA COSTA, Ministro de Primeira Classe da Carreira de Diplomata do Ministério das Relações Exteriores, para exercer o cargo de Embaixador do Brasil no Estado do Catar.",Presente – Não registrou voto
5386,2023-09-13,MSF 51/2023,"Submete à apreciação do Senado Federal, de conformidade com o art. 52, inciso IV, da Constituição, e com o art. 39, combinado com o art. 41, da Lei nº 11.440, de 2006, o nome do Senhor GILBERTO FONSECA GUIMARÃES DE MOURA, Ministro de Primeira Classe do Quadro Especial da Carreira de Diplomata do Ministério das Relações Exteriores, para exercer o cargo de Embaixador do Brasil na República das Filipinas e, cumulativamente, na República de Palau, nos Estados Federados da Micronésia e na República das Ilhas Marshall.",Presente – Não registrou voto
5386,2023-09-13,MSF 50/2023,"Submete à apreciação do Senado Federal, de conformidade com o art. 52, inciso IV, da Constituição, e com o art. 39, combinado com o art. 41, da Lei nº 11.440, de 2006, o nome da Senhora MARIA EDILEUZA FONTENELE REIS, Ministra de Primeira Classe do Quadro Especial da Carreira de Diplomata do Ministério das Relações Exteriores, para exercer o cargo de Embaixadora do Brasil no Reino da Suécia e, cumulativamente, na República da Letônia.",Presente – Não registrou voto
5386,2023-09-13,MSF 49/2023,"Submete à apreciação do Senado Federal, de conformidade com o art. 52, inciso IV, da Constituição, e com o art. 39, combinado com o art. 41, da Lei nº 11.440, de 2006, o nome da Senhora MARIA CLARA DUCLOS CARISIO, Ministra de Primeira Classe do Quadro Especial da Carreira de Diplomata do Ministério das Relações Exteriores, para exercer o cargo de Embaixadora do Brasil na Bósnia e Herzegovina.",Presente – Não registrou voto
5386,2023-09-13,MSF 46/2023,"Submete à apreciação do Senado Federal, de conformidade com o art. 52, inciso III, alínea ""f"", da Constituição, combinado com o art. 8° da Medida Provisória no 2.228-1, de 6 de setembro de 2001, o nome do Senhor PAULO XAVIER ALCOFORADO, para exercer o cargo de Diretor da Agência Nacional do Cinema - ANCINE, na vaga decorrente do término do mandato de Mariana Ribas da Silva, que renunciou.",Presente – Não registrou voto
5386,2023-09-13,MSF 56/2023,"Submete à apreciação do Senado Federal, de conformidade com o art. 52, inciso III, alínea ""f"", da Constituição, e com o art. 88-A, da Lei nº 10.233, de 5 de junho de 2001, o nome do Senhor MARCOS DE BRITO CAMPOS JÚNIOR, para exercer o cargo de Diretor de Administração e Finanças do Departamento Nacional de Infraestrutura de Transportes - DNIT.",Presente – Não registrou voto
5386,2023-05-31,MPV 1154/2023,Estabelece a organização básica dos órgãos da Presidência da República e dos Ministérios.,Sim
5386,2023-05-31,MSF 16/2023,"Submete à apreciação do Senado Federal, de conformidade com o art. 52, inciso IV, da Constituição, e com o art. 39, combinado com o art. 46 da Lei nº 11.440, de 2006, o nome do Senhor ARTHUR HENRIQUE VILLANOVA NOGUEIRA, Ministro de Segunda Classe do Quadro Especial da Carreira de Diplomata do Ministério das Relações Exteriores, para exercer o cargo de Embaixador do Brasil na República do Malawi, sem prejuízo das atribuições do cargo de Embaixador do Brasil na República da Zâmbia.",Votou
5386,2023-05-31,MSF 14/2023,"Submete à apreciação do Senado Federal, de conformidade com o art. 52, inciso IV, da Constituição, e com o art. 39, combinado com o art. 41 da Lei nº 11.440, de 2006, o nome do Senhor GABRIEL BOFF MOREIRA, Ministro de Primeira Classe da Carreira de Diplomata do Ministério das Relações Exteriores, para exercer o cargo de Embaixador do Brasil na República Eslovaca.",Votou
5386,2023-05-31,MSF 13/2023,"Submete à apreciação do Senado Federal, de conformidade com o art. 52, inciso IV, da Constituição, e com o art. 39, combinado com o art. 41 da Lei nº 11.440, de 2006, o nome do Senhor GEORGE MONTEIRO PRATA, Ministro de Primeira Classe do Quadro Especial da Carreira de Diplomata do Ministério das Relações Exteriores, para exercer o cargo de Embaixador do Brasil na República da Indonésia.",Votou
5386,2023-05-31,MSF 26/2023,"Submete à apreciação do Senado Federal, de conformidade com o art. 52, inciso IV, da Constituição, e com o art. 39, combinado com o art. 41 da Lei nº 11.440, de 2006, o nome do Senhor FERNANDO SIMAS MAGALHÃES, Ministro de Primeira Classe do Quadro Especial da Carreira de Diplomata do Ministério das Relações Exteriores, para exercer o cargo de Embaixador do Brasil junto ao Reino dos Países Baixos.",Votou
5386,2023-11-29,PLP 243/2023,Dispõe sobre as despesas voltadas a programa de incentivo à permanência de estudantes no ensino médio.,Sim
5386,2023-11-21,PEC 8/2021,"Altera a Constituição Federal para dispor sobre os pedidos de vista, declaração de inconstitucionalidade e concessão de medidas cautelares nos tribunais.",Sim
5386,2023-11-21,RQS 1039/2023,"Requer calendário especial para a Proposta de Emenda à Constituição nº 8, de 2021.",Sim
5386,2023-10-31,PL 2470/2022,"Dispõe sobre incentivos fiscais as empresas reformadoras de pneumáticos, altera a Lei 10.865/2004 e dá outras providências.",Não
5386,2023-08-08,OFS 10/2023,"Submete à apreciação do Senado Federal, nos termos do art. 130-A , inciso II, da Constituição Federal, a indicação do Senhor ANTÔNIO EDÍLIO MAGALHÃES TEIXEIRA, para compor o Conselho Nacional do Ministério Público - CNMP, na vaga destinada ao Ministério Público Federal.",Votou
5386,2023-08-08,OFS 9/2023,"Submete à apreciação do Senado Federal, nos termos do art. 130-A , inciso II, da Constituição Federal, a indicação do Senhor ÂNGELO FABIANO FARIAS, para compor o Conselho Nacional do Ministério Público - CNMP, na vaga destinada ao Ministério Público do Trabalho.",Votou
5386,2023-08-08,OFS 12/2023,"Submete à apreciação do Senado Federal, nos termos do art. 103-B, inciso XI, da Constituição Federal, a indicação do Senhor JOÃO PAULO SANTOS SCHOUCAIR, para compor o Conselho Nacional de Justiça - CNJ, na vaga destinada ao Ministério Público estadual.",Votou
5386,2023-08-08,OFS 8/2023,"Submete à apreciação do Senado Federal, nos termos do art. 130-A , inciso II, da Constituição Federal, a indicação do Senhor MOACYR REY FILHO, para compor o Conselho Nacional do Ministério Público - CNMP, na vaga destinada ao Ministério Público do Distrito Federal e Territórios.",Votou
5386,2023-08-08,OFS 7/2023,"Submete à apreciação do Senado Federal, nos termos do art. 130-A , inciso II, da Constituição Federal, a indicação do Senhor JAIME CASSIO MIRANDA, para compor o Conselho Nacional do Ministério Público - CNMP, na vaga destinada ao Ministério Público Militar.",Votou
5386,2023-06-14,PLP 139/2022,"Acrescenta o art. 5º-A à Lei Complementar nº 91, de 22 de dezembro de 1997, para manter os coeficientes do Fundo de Participação dos Municípios (FPM) de Municípios com redução populacional aferida em censo demográfico, aplicado redutor financeiro sobre eventuais ganhos, na forma e no prazo que especifica; e altera a Lei nº 14.133, de 1º de abril de 2021.",Sim
5386,2023-06-14,OFS 6/2023,"Submete à apreciação do Senado Federal, nos termos do inciso I do § 2º do art. 1º da Resolução do Senado Federal nº 42, de 2016, o nome do Senhor MARCUS VINÍCIUS CAETANO PESTANA DA SILVA, para o cargo de Diretor-Executivo da Instituição Fiscal Independente do Senado Federal.",Votou
5386,2023-10-25,MSF 61/2023,"Submete à apreciação do Senado Federal, nos termos do art. 104, parágrafo único, inciso I, da Constituição, o nome do Senhor Teodoro Silva Santos, Desembargador do Tribunal de Justiça do Estado do Ceará, para exercer o cargo de Ministro do Superior Tribunal de Justiça, na vaga decorrente da aposentadoria do Ministro Jorge Mussi.",Presente – Não registrou voto
5386,2023-10-25,MSF 62/2023,"Submete à apreciação do Senado Federal, nos termos do art. 104, parágrafo único, inciso I, da Constituição, o nome do Senhor José Afrânio Vilela, Desembargador do Tribunal de Justiça do Estado de Minas Gerais, para exercer o cargo de Ministro do Superior Tribunal de Justiça, na vaga decorrente do falecimento do Ministro Paulo de Tarso Vieira Sanseverino.",Presente – Não registrou voto
5386,2023-10-25,MSF 60/2023,"Submete à apreciação do Senado Federal, nos termos do art. 104, parágrafo único, inciso II, da Constituição, o nome da Senhora Daniela Rodrigues Teixeira, para exercer o cargo de Ministra do Superior Tribunal de Justiça, na vaga destinada à advocacia, decorrente da aposentadoria do Ministro Felix Fischer.",Presente – Não registrou voto
5386,2023-10-25,MSF 35/2023,"Submete à apreciação do Senado Federal, de conformidade com o art. 52, inciso III, alínea ""f"", da Constituição, combinado com o art. 6° da Lei Complementar nº 80, de 12 de Janeiro de 1994, o nome do Senhor IGOR ROBERTO ALBUQUERQUE ROQUE, Defensor Público Federal, para exercer o cargo de Defensor Público-Geral Federal da Defensoria Pública da União, na vaga decorrente do término do mandato de Daniel de Macedo Alves Pereira.",Presente – Não registrou voto
5386,2023-10-25,MSF 58/2023,"Submete à apreciação do Senado Federal, de conformidade com o art. 52, inciso IV, da Constituição, e com o art. 39, combinado com o art. 41 da Lei nº 11.440, de 2006, o nome do Senhor CARLOS LUÍS DANTAS COUTINHO PEREZ, Ministro de Primeira Classe da Carreira de Diplomata do Ministério das Relações Exteriores, para exercer o cargo de Embaixador do Brasil na República Dominicana.",Presente – Não registrou voto
5386,2023-10-25,MSF 57/2023,"Submete à apreciação do Senado Federal, de conformidade com o art. 52, inciso IV, da Constituição, e com o art. 39, combinado com o art. 41 da Lei nº 11.440, de 2006, o nome do Senhor RODRIGO D'ARAUJO GABSCH, Ministro de Primeira Classe da Carreira de Diplomata do Ministério das Relações Exteriores, para exercer o cargo de Embaixador do Brasil no Estado do Kuwait.",Presente – Não registrou voto
5386,2023-10-24,PL 5384/2020,"Altera a Lei nº 12.711, de 29 de agosto de 2012, para dispor sobre o programa especial para o acesso às instituições federais de educação superior e de ensino técnico de nível médio de estudantes pretos, pardos, indígenas e quilombolas e de pessoas com deficiência, bem como daqueles que tenham cursado integralmente o ensino médio ou fundamental em escola pública.",Não
5386,2023-09-20,MSF 55/2023,"Submete à apreciação do Senado Federal, de conformidade com o art. 52, inciso IV, da Constituição, e com o art. 39, combinado com o art. 41 da Lei nº 11.440, de 2006, o nome do Senhor GUSTAVO ROCHA DE MENEZES, Ministro de Primeira Classe da Carreira de Diplomata do Ministério das Relações Exteriores, para exercer o cargo de Embaixador do Brasil na República da União de Myanmar.",Atividade parlamentar
5386,2023-09-12,PEC 7/2018,"Altera o art. 31 da Emenda Constitucional nº 19, de 4 de junho de 1998, para prever a inclusão, em quadro em extinção da administração pública federal, de servidor público, de integrante da carreira de policial, civil ou militar, e de pessoa que haja mantido relação ou vínculo funcional, empregatício, estatutário ou de trabalho com a administração pública dos ex-Territórios ou dos Estados do Amapá, de Roraima ou de Rondônia, inclusive suas prefeituras, durante os dez primeiros anos da criação dessas unidades federadas, estabelece o parâmetro remuneratório para a Polícia Militar dos ex-Territórios Federais e dá outras providências.",Sim
5386,2023-09-12,PEC 7/2018,"Altera o art. 31 da Emenda Constitucional nº 19, de 4 de junho de 1998, para prever a inclusão, em quadro em extinção da administração pública federal, de servidor público, de integrante da carreira de policial, civil ou militar, e de pessoa que haja mantido relação ou vínculo funcional, empregatício, estatutário ou de trabalho com a administração pública dos ex-Territórios ou dos Estados do Amapá, de Roraima ou de Rondônia, inclusive suas prefeituras, durante os dez primeiros anos da criação dessas unidades federadas, estabelece o parâmetro remuneratório para a Polícia Militar dos ex-Territórios Federais e dá outras providências.",Sim
5386,2023-11-14,PLP 205/2023,"Altera a Lei Complementar nº 195, de 8 de julho de 2022 (Lei Paulo Gustavo), para prorrogar o prazo de execução dos recursos, até 31 de dezembro de 2024, por Estados, Distrito Federal e Municípios.",Sim
5386,2023-11-01,PL 4426/2023,"Institui o Programa de Enfrentamento à Fila da Previdência Social (PEFPS); dispõe sobre a transformação de cargos efetivos vagos do Poder Executivo federal; altera as Leis nºs 3.268, de 30 de setembro de 1957, 8.213, de 24 de julho de 1991, 8.742, de 7 de dezembro de 1993, 13.146, de 6 de julho de 2015 (Estatuto da Pessoa com Deficiência), 11.907, de 2 de fevereiro de 2009, 11.134, de 15 de julho de 2005, 11.361, de 19 de outubro de 2006, 10.486, de 4 de julho de 2002, 13.328, de 29 de julho de 2016, 9.264, de 7 de fevereiro de 1996, 12.086, de 6 de novembro de 2009, 8.745, de 9 de dezembro de 1993, e 14.204, de 16 de setembro de 2021; e revoga dispositivos das Leis n°s 9.713, de 25 de novembro de 1998, 9.986, de 18 de julho de 2000, e 14.059, de 22 de setembro de 2020, e a Medida Provisória nº 1.181, de 18 de julho de 2023.",Sim
5386,2023-09-27,PL 2903/2023,"Regulamenta o art. 231 da Constituição Federal, para dispor sobre o reconhecimento, a demarcação, o uso e a gestão de terras indígenas; e altera as Leis nºs 11.460, de 21 de março de 2007, 4.132, de 10 de setembro de 1962, e 6.001, de 19 de dezembro de 1973.",Não
5386,2023-09-27,PL 2903/2023,"Regulamenta o art. 231 da Constituição Federal, para dispor sobre o reconhecimento, a demarcação, o uso e a gestão de terras indígenas; e altera as Leis nºs 11.460, de 21 de março de 2007, 4.132, de 10 de setembro de 1962, e 6.001, de 19 de dezembro de 1973.",Não
5386,2023-09-27,PL 2903/2023,"Regulamenta o art. 231 da Constituição Federal, para dispor sobre o reconhecimento, a demarcação, o uso e a gestão de terras indígenas; e altera as Leis nºs 11.460, de 21 de março de 2007, 4.132, de 10 de setembro de 1962, e 6.001, de 19 de dezembro de 1973.",Sim
5386,2023-09-27,REQ 31/2023 - CCJ,Requer urgência para o PL 2903/2023,Sim
5386,2023-08-02,OFS 11/2023,"Submete à apreciação do Senado Federal, nos termos do art. 130-B , inciso X, da Constituição Federal, a indicação do Senhor PABLO COUTINHO BARRETO, para compor o Conselho Nacional de Justiça - CNJ, na vaga destinada ao Ministério Público da União.",Votou
5386,2023-08-02,OFS 4/2023,"Submete à apreciação do Senado Federal, nos termos do art. 130-A, inciso III, da Constituição Federal, o nome do Senhor FERNANDO DA SILVA COMIN, para compor o Conselho Nacional do Ministério Público - CNMP, na vaga destinada ao Ministério Público dos Estados.",Votou
5386,2023-08-02,OFS 5/2023,"Submete à apreciação do Senado Federal, nos termos do art. 130-A, inciso III, da Constituição Federal, o nome da Senhora IVANA LÚCIA FRANCO CEI, para compor o Conselho Nacional do Ministério Público - CNMP, na vaga destinada ao Ministério Público dos Estados.",Votou
5386,2023-08-02,OFS 3/2023,"Submete à apreciação do Senado Federal, nos termos do art. 130-A, inciso III, da Constituição Federal, o nome do Senhor PAULO CEZAR DOS PASSOS, para compor o Conselho Nacional do Ministério Público - CNMP, na vaga destinada ao Ministério Público dos Estados.",Votou
5386,2023-08-02,MSF 45/2023,"Submete à apreciação do Senado Federal, de conformidade com o art. 52, inciso IV, da Constituição, e com o art. 39, combinado com o art. 41, da Lei nº 11.440, de 2006, o nome do Senhor PAULO ROBERTO CAMPOS TARRISSE DA FONTOURA, Ministro de Primeira Classe do Quadro Especial da Carreira de Diplomata do Ministério das Relações Exteriores, para exercer o cargo de Embaixador do Brasil na República da Bulgária e, cumulativamente, na República da Macedônia do Norte.",Votou
5386,2023-08-02,MSF 43/2023,"Submete à apreciação do Senado Federal, de conformidade com o art. 52, inciso IV, da Constituição, e com o art. 39, combinado com o art. 41, da Lei nº 11.440, de 2006, o nome do Senhor EDUARDO RICARDO GRADILONE NETO, Ministro de Primeira Classe do Quadro Especial da Carreira de Diplomata do Ministério das Relações Exteriores, para exercer o cargo de Embaixador do Brasil na República Islâmica do Irã.",Votou
5386,2023-08-02,MSF 44/2023,"Submete à apreciação do Senado Federal, de conformidade com o art. 52, inciso IV, da Constituição, e com o art. 39, combinado com o art. 41, da Lei nº 11.440, de 2006, o nome do Senhor CARLOS ALBERTO FRANCO FRANÇA, Ministro de Primeira Classe da Carreira de Diplomata do Ministério das Relações Exteriores, para exercer o cargo de Embaixador do Brasil no Canadá.",Votou
5386,2023-06-21,PLP 93/2023,"Institui regime fiscal sustentável para garantir a estabilidade macroeconômica do País e criar as condições adequadas ao crescimento socioeconômico, com fundamento no art. 6º da Emenda Constitucional nº 126, de 21 de dezembro de 2022, e no inciso VIII do caput e no parágrafo único do art. 163 da Constituição Federal; e altera a Lei Complementar nº 101, de 4 de maio de 2000 (Lei de Responsabilidade Fiscal), e a Lei nº 10.633, de 27 de dezembro de 2002.",Não
5386,2023-06-21,PLP 93/2023,"Institui regime fiscal sustentável para garantir a estabilidade macroeconômica do País e criar as condições adequadas ao crescimento socioeconômico, com fundamento no art. 6º da Emenda Constitucional nº 126, de 21 de dezembro de 2022, e no inciso VIII do caput e no parágrafo único do art. 163 da Constituição Federal; e altera a Lei Complementar nº 101, de 4 de maio de 2000 (Lei de Responsabilidade Fiscal), e a Lei nº 10.633, de 27 de dezembro de 2002.",Não
5386,2023-06-21,PLP 93/2023,"Institui regime fiscal sustentável para garantir a estabilidade macroeconômica do País e criar as condições adequadas ao crescimento socioeconômico, com fundamento no art. 6º da Emenda Constitucional nº 126, de 21 de dezembro de 2022, e no inciso VIII do caput e no parágrafo único do art. 163 da Constituição Federal; e altera a Lei Complementar nº 101, de 4 de maio de 2000 (Lei de Responsabilidade Fiscal), e a Lei nº 10.633, de 27 de dezembro de 2002.",Não
5386,2023-06-21,PLP 93/2023,"Institui regime fiscal sustentável para garantir a estabilidade macroeconômica do País e criar as condições adequadas ao crescimento socioeconômico, com fundamento no art. 6º da Emenda Constitucional nº 126, de 21 de dezembro de 2022, e no inciso VIII do caput e no parágrafo único do art. 163 da Constituição Federal; e altera a Lei Complementar nº 101, de 4 de maio de 2000 (Lei de Responsabilidade Fiscal), e a Lei nº 10.633, de 27 de dezembro de 2002.",Sim
5386,2023-06-21,MSF 34/2023,"Submete à apreciação do Senado Federal, nos termos do art. 52, inciso III, alínea “a”, e o art. 101, parágrafo único, da Constituição, o nome do Senhor CRISTIANO ZANIN MARTINS, para exercer o cargo de Ministro do Supremo Tribunal Federal, na vaga decorrente da aposentadoria do Ministro Enrique Ricardo Lewandowski.",Votou
5386,2023-06-21,MSF 29/2023,"Submete à apreciação do Senado Federal, de conformidade com o art. 52, inciso IV, da Constituição, e com o art. 39, combinado com o art. 41 da Lei nº 11.440, de 2006, o nome do Senhor RENATO MOSCA DE SOUZA, Ministro de Primeira Classe da Carreira de Diplomata do Ministério das Relações Exteriores, para exercer o cargo de Embaixador do Brasil na República Italiana e, cumulativamente, na República de San Marino e na República de Malta.",Votou
5386,2023-06-21,MSF 25/2023,"Submete à apreciação do Senado Federal, de conformidade com o art. 52, inciso IV, da Constituição, e com o art. 39, combinado com o art. 41 da Lei nº 11.440, de 2006, o nome do Senhor RICARDO GUERRA DE ARAÚJO, Ministro de Primeira Classe da Carreira de Diplomata do Ministério das Relações Exteriores, para exercer o cargo de Embaixador do Brasil junto à Romênia.",Votou
5386,2023-06-21,MSF 24/2023,"Submete à apreciação do Senado Federal, de conformidade com o art. 52, inciso IV, da Constituição, e com o art. 39, combinado com o art. 41 da Lei nº 11.440, de 2006, o nome do Senhor CLAUDIO FREDERICO DE MATOS ARRUDA, Ministro de Primeira Classe do Quadro Especial da Carreira de Diplomata do Ministério das Relações Exteriores, para exercer o cargo de Embaixador do Brasil na Comunidade da Austrália e, cumulativamente, nas Ilhas Salomão, no Estado Independente da Papua Nova Guiné, na República de Vanuatu, na República de Fiji e na República de Nauru.",Votou
5386,2023-12-20,MPV 1185/2023,Dispõe sobre o crédito fiscal decorrente de subvenção para a implantação ou a expansão de empreendimento econômico.,Não
5386,2023-12-20,MPV 1185/2023,Dispõe sobre o crédito fiscal decorrente de subvenção para a implantação ou a expansão de empreendimento econômico.,Sim
5386,2023-08-30,PL 2384/2023,"Disciplina a proclamação de resultados de julgamentos na hipótese de empate na votação no âmbito do Conselho Administrativo de Recursos Fiscais (Carf); dispõe sobre a autorregularização de débitos e a conformidade tributária no âmbito da Secretaria Especial da Receita Federal do Brasil do Ministério da Fazenda, sobre o contencioso administrativo fiscal e sobre a transação na cobrança de créditos da Fazenda Pública; altera o Decreto nº 70.235, de 6 de março de 1972, e as Leis nºs 6.830, de 22 de setembro de 1980 (Lei de Execução Fiscal), 9.430, de 27 de dezembro de 1996, 13.988, de 14 de abril de 2020, 5.764, de 16 de dezembro de 1971, 9.249, de 26 de dezembro de 1995, e 10.150, de 21 de dezembro de 2000; e revoga dispositivo da Lei nº 10.522, de 19 de julho de 2002.",Sim
5386,2023-07-05,PLP 178/2021,Institui o Estatuto Nacional de Simplificação de Obrigações Tributárias Acessórias; e dá outras providências.,Sim
5386,2023-07-05,PLP 41/2019,"Altera dispositivos da Lei Complementar nº 101, de 4 de maio de 2000, estabelecendo critérios objetivos, metas de desempenho e procedimentos para a concessão, alteração e avaliação periódica dos impactos econômico-sociais de incentivo ou benefício de natureza tributária, financeira, creditícia ou patrimonial para pessoas jurídicas do qual decorra diminuição de receita ou aumento de despesa, e dá outras providências.",Sim
5386,2023-07-05,MSF 39/2023,"Submete à apreciação do Senado Federal, de conformidade com o art. 52, inciso III, alínea ""f"", da Constituição, e com o art. 88-A, da Lei nº 10.233, de 5 de junho de 2001, o nome do Senhor JOSÉ EDUARDO GUIDI, para exercer o cargo de Diretor de Infraestrutura Ferroviária do Departamento Nacional de Infraestrutura de Transportes - DNIT.",Votou
5386,2023-07-05,MSF 40/2023,"Submete à apreciação do Senado Federal, de conformidade com o art. 52, inciso III, alínea ""f"", da Constituição, e com o art. 88-A, da Lei nº 10.233, de 5 de junho de 2001, o nome do Senhor FABIO PESSOA DA SILVA NUNES, para exercer o cargo de Diretor de Infraestrutura Rodoviária do Departamento Nacional de Infraestrutura de Transportes - DNIT.",Votou
5386,2023-07-05,MSF 41/2023,"Submete à apreciação do Senado Federal, de conformidade com o art. 52, inciso III, alínea ""f"", da Constituição, e com o art. 88-A, da Lei nº 10.233, de 5 de junho de 2001, o nome do Senhor FABRICIO DE OLIVEIRA GALVÃO, para exercer o cargo de Diretor-Geral do Departamento Nacional de Infraestrutura de Transportes - DNIT.",Votou
5386,2023-07-05,MSF 42/2023,"Submete à apreciação do Senado Federal, de conformidade com o art. 52, inciso III, alínea ""f"", da Constituição, e com o art. 88-A, da Lei nº 10.233, de 5 de junho de 2001, o nome do Senhor CARLOS ANTONIO ROCHA DE BARROS, para exercer o cargo de Diretor-Executivo do Departamento Nacional de Infraestrutura de Transportes - DNIT.",Votou
5386,2023-07-04,MSF 28/2023,"Submete à apreciação do Senado Federal, nos termos do art. 52, inciso III, alínea “d”, da Constituição, combinado com art. 4º, caput, da Lei Complementar nº 179, de 24 de fevereiro de 2021, o nome do Senhor AILTON DE AQUINO SANTOS, para exercer o cargo de Diretor do Banco Central do Brasil, na vaga decorrente do término do mandato de Paulo Sérgio Neves de Souza.",Votou
5386,2023-07-04,MSF 27/2023,"Submete à apreciação do Senado Federal, nos termos do art. 52, inciso III, alínea “d”, da Constituição, combinado com art. 4º, caput, da Lei Complementar nº 179, de 24 de fevereiro de 2021, o nome do Senhor GABRIEL MURICCA GALÍPOLO, para exercer o cargo de Diretor do Banco Central do Brasil, na vaga decorrente do término do mandato de Bruno Serra Fernandes.",Votou
5386,2023-07-04,MSF 36/2023,"Submete à apreciação do Senado Federal, de conformidade com o art. 52, inciso IV, da Constituição, e com o art. 39, combinado com o art. 41 da Lei nº 11.440, de 2006, a indicação do Senhor ADRIANO SILVA PUCCI, Ministro de Primeira Classe da Carreira de Diplomata do Ministério das Relações Exteriores, para exercer o cargo de Embaixador do Brasil no Reino do Bahrein.",Votou
5386,2023-07-04,MSF 37/2023,"Submete à apreciação do Senado Federal, de conformidade com o art. 52, inciso IV, da Constituição, e com o art. 39, combinado com o art. 41 da Lei nº 11.440, de 2006, a indicação do Senhor JOÃO GENÉSIO DE ALMEIDA FILHO, Ministro de Primeira Classe da Carreira de Diplomata do Ministério das Relações Exteriores, para exercer o cargo de Embaixador do Brasil na República do Botsuana.",Votou
5386,2023-07-04,MSF 32/2023,"Submete à apreciação do Senado Federal, de conformidade com o art. 52, inciso IV, da Constituição, e com o art. 39, combinado com o art. 41 da Lei nº 11.440, de 2006, a indicação do Senhor  ALEXANDRE GUIDO LOPES PAROLA, Ministro de Primeira Classe da Carreira de Diplomata do Ministério das Relações Exteriores, para exercer o cargo de Embaixador do Brasil no Reino do Marrocos.",Votou
5386,2023-07-04,MSF 31/2023,"Submete à apreciação do Senado Federal, de conformidade com o art. 52, inciso IV, da Constituição, e com o art. 39, combinado com o art. 41 da Lei nº 11.440, de 2006, a indicação da Senhora SILVANA POLICH, Ministra de Segunda Classe do Quadro Especial da Carreira de Diplomata do Ministério das Relações Exteriores, para exercer o cargo de Embaixadora do Brasil na República da Croácia.",Votou
5386,2023-07-04,MSF 33/2023,"Submete à apreciação do Senado Federal, de conformidade com o art. 52, inciso IV, da Constituição, e com o art. 39, combinado com o art. 41 da Lei nº 11.440, de 2006, a indicação da Senhora CLAUDIA VIEIRA SANTOS, Ministra de Primeira Classe da Carreira de Diplomata do Ministério das Relações Exteriores, para exercer o cargo de Representante Permanente do Brasil junto à Agência Internacional de Energia Atômica - AIEA e Organismos Internacionais Conexos.",Votou
5386,2023-07-04,MSF 30/2023,"Submete à apreciação do Senado Federal, de conformidade com o art. 52, inciso IV, da Constituição, e com o art. 39, combinado com o art. 41 da Lei nº 11.440, de 2006, a indicação do Senhor SIDNEY LEON ROMEIRO, Ministro de Primeira Classe da Carreira de Diplomata do Ministério das Relações Exteriores, para exercer o cargo de Embaixador do Brasil nos Emirados Árabes Unidos.",Presente – Não registrou voto
5386,2023-12-13,MSF 89/2023,"Submete à apreciação do Senado Federal, nos termos do art. 52, inciso lll, alínea “e”, e do art. 128, § 1º, da Constituição, o nome do Senhor PAULO GUSTAVO GONET BRANCO, para exercer o cargo de Procurador-Geral da República, na vaga decorrente do término do mandato do Senhor Antônio Augusto Brandão de Aras.",Votou
5386,2023-12-13,OFS 26/2023,"Submete à apreciação do Senado Federal, nos termos do art. 103-B, inciso VIII, da Constituição Federal, a indicação do Senhor Alexandre Teixeira de Freitas Bastos Cunha, para compor o Conselho Nacional de Justiça - CNJ, na vaga destinada ao juiz do Tribunal Regional do Trabalho.",Votou
5386,2023-12-13,OFS 23/2023,"Submete à apreciação do Senado Federal, nos termos do art. 103-B, incisos IV e V, da Constituição Federal, a indicação do Senhor JOSÉ EDIVALDO ROCHA ROTONDANO, para compor o Conselho Nacional de Justiça - CNJ, no biênio 2023/2025.",Votou
5386,2023-12-13,OFS 25/2023,"Submete à apreciação do Senado Federal, nos termos do art. 103-B, inciso III, da Constituição Federal, a indicação do Senhor Guilherme Augusto Caputo Bastos, para compor o Conselho Nacional de Justiça - CNJ, na vaga destinada ao Ministro do Tribunal Superior do Trabalho.",Votou
5386,2023-12-13,OFS 24/2023,"Submete à apreciação do Senado Federal, nos termos do art. 103-B, incisos IV e V, da Constituição Federal, a indicação da Senhora RENATA GIL DE ALCANTARA VIDEIRA, para compor o Conselho Nacional de Justiça - CNJ, no biênio 2023/2025, em vaga destinada a Juiz estadual.",Votou
5386,2023-12-13,OFS 21/2023,"Submete à apreciação do Senado Federal, nos termos do art. 103-B, incisos VI e VII, da Constituição Federal, a indicação da Senhora MÔNICA AUTRAN MACHADO NOBRE, para compor o Conselho Nacional de Justiça - CNJ, no biênio 2023/2025.",Votou
5386,2023-12-13,MSF 87/2023,"Submete à apreciação do Senado Federal, de conformidade com o art. 52, inciso III, alínea ""f"", da Constituição, combinado com o art. 6° da Lei Complementar nº 80, de 12 de Janeiro de 1994, o nome do Senhor LEONARDO CARDOSO DE MAGALHÃES, Defensor Público Federal, para exercer o cargo de Defensor Público-Geral Federal da Defensoria Pública da União, na vaga decorrente do término do mandato de Daniel de Macedo Alves Pereira.",Votou
5386,2023-12-13,MSF 88/2023,"Submete à apreciação do Senado Federal, de conformidade com o art. 52, inciso III, alínea “a”, e do art. 101, parágrafo único, da Constituição, o nome do Senhor FLÁVIO DINO DE CASTRO E COSTA, para exercer o cargo de Ministro do Supremo Tribunal Federal, na vaga decorrente da aposentadoria da Ministra Rosa Maria Pires Weber.",Votou
5386,2023-12-13,OFS 27/2023,"Submete à apreciação do Senado Federal, nos termos do art. 103-B, inciso IX, da Constituição Federal, a indicação do Senhor Guilherme Guimarães Feliciano, para compor o Conselho Nacional de Justiça - CNJ, na vaga destinada ao juiz do trabalho.",Votou
5386,2023-12-13,OFS 22/2023,"Submete à apreciação do Senado Federal, nos termos do art. 103-B, incisos VI e VII, da Constituição Federal, a indicação da Senhora DANIELA PEREIRA MADEIRA, para compor o Conselho Nacional de Justiça - CNJ, no biênio 2023/2025.",Votou
5386,2023-12-13,OFS 17/2023,"Submete à apreciação do Senado Federal, nos termos do art. 130-B , inciso XIII, da Constituição Federal, a indicação da Senhora DAIANE NOGUEIRA DE LIRA, para compor o Conselho Nacional de Justiça - CNJ.",Presente – Não registrou voto
5386,2023-12-13,OFS 20/2023,"Submete à apreciação do Senado Federal, nos termos do art. 130-A , inciso IV, da Constituição Federal, a indicação da Senhora CÍNTIA MENEZES BRUNETTA, para compor o Conselho Nacional do Ministério Público - CNMP, no biênio 2023/2025.",Presente – Não registrou voto
5386,2023-12-13,OFS 18/2023,"Submete à apreciação do Senado Federal, nos termos do art. 130-A , inciso VI, da Constituição Federal, a indicação do Senhor EDVALDO NILO DE ALMEIDA, para compor o Conselho Nacional do Ministério Público - CNMP, na vaga destinada à Câmara dos Deputados.",Presente – Não registrou voto
5386,2023-12-13,MSF 85/2023,"Submete à consideração do Senado Federal, nos termos do art. 52, inciso III, alínea ""f"", da Constituição, combinado com o art. 5º da Lei nº 9.986, de 18 de julho de 2000, e o art. 7º da Lei nº 13.575, de 26 de dezembro de 2017, o nome do Senhor CAIO MÁRIO TRIVELLATO SEABRA FILHO, para exercer o cargo de Diretor da Agência Nacional de Mineração - ANM, na vaga decorrente do término do mandato de Ronaldo Jorge da Silva Lima.",Presente – Não registrou voto
5386,2023-12-13,OFS 19/2023,"Encaminha, nos termos do art. 1º, § 2º a § 5º da Resolução do Senado Federal nº 42, de 2016, a indicação do Senhor ALEXANDRE AUGUSTO SEIJAS DE ANDRADE, para ocupar o cargo de Diretor da Instituição Fiscal Independente, em vaga aberta em decorrência da saída de Daniel Veloso Couri.",Presente – Não registrou voto
5386,2023-12-12,PL 3626/2023,"Dispõe sobre a modalidade lotérica denominada apostas de quota fixa; altera as Leis nºs 5.768, de 20 de dezembro de 1971, e 13.756, de 12 de dezembro de 2018, e a Medida Provisória nº 2.158-35, de 24 de agosto de 2001; revoga dispositivos do Decreto-Lei nº 204, de 27 de fevereiro de 1967; e dá outras providências.",Não
5386,2023-12-12,PL 3626/2023,"Dispõe sobre a modalidade lotérica denominada apostas de quota fixa; altera as Leis nºs 5.768, de 20 de dezembro de 1971, e 13.756, de 12 de dezembro de 2018, e a Medida Provisória nº 2.158-35, de 24 de agosto de 2001; revoga dispositivos do Decreto-Lei nº 204, de 27 de fevereiro de 1967; e dá outras providências.",Sim
5386,2023-12-12,PL 3626/2023,"Dispõe sobre a modalidade lotérica denominada apostas de quota fixa; altera as Leis nºs 5.768, de 20 de dezembro de 1971, e 13.756, de 12 de dezembro de 2018, e a Medida Provisória nº 2.158-35, de 24 de agosto de 2001; revoga dispositivos do Decreto-Lei nº 204, de 27 de fevereiro de 1967; e dá outras providências.",Sim
5386,2023-12-12,PL 3626/2023,"Dispõe sobre a modalidade lotérica denominada apostas de quota fixa; altera as Leis nºs 5.768, de 20 de dezembro de 1971, e 13.756, de 12 de dezembro de 2018, e a Medida Provisória nº 2.158-35, de 24 de agosto de 2001; revoga dispositivos do Decreto-Lei nº 204, de 27 de fevereiro de 1967; e dá outras providências.",Sim
5386,2023-12-12,RQS 1103/2023,Requer o encerramento da discussão do Projeto de Lei nº 3626/2023.,Sim
5386,2023-12-12,MSF 91/2023,"Submete à apreciação do Senado Federal, de conformidade com o art. 52, inciso III, alínea “f”, da Constituição, combinado com o art. 6º da Lei nº 6.385, de 7 de dezembro de 1976, com a redação dada pelo art. 1º da Lei nº 10.411, de 26 de fevereiro de 2002, o nome da Senhora MARINA PALMA COPOLA DE CARVALHO, para exercer o cargo de Diretora da Comissão de Valores Mobiliários - CVM, na vaga decorrente do término do mandato de Flavia Martins Sant'anna Perlingeiro em 31 de dezembro de 2023.",Votou
5386,2023-12-12,MSF 90/2023,"Submete à apreciação do Senado Federal, de conformidade com o art. 52, inciso III, alínea “f”, da Constituição, combinado com o art. 6º da Lei nº 6.385, de 7 de dezembro de 1976, com a redação dada pelo art. 1º da Lei nº 10.411, de 26 de fevereiro de 2002, o nome do Senhor DANIEL WALTER MAEDA BERNARDO, para exercer o cargo de Diretor da Comissão de Valores Mobiliários - CVM, na vaga decorrente da renúncia de Alexandre Costa Rangel.",Votou
5386,2023-12-12,MSF 79/2023,"Submete à apreciação do Senado Federal, nos termos do art. 52, inciso III, alínea “d”, da Constituição, combinado com art. 4º, caput, da Lei Complementar nº 179, de 24 de fevereiro de 2021, o nome do Senhor PAULO PICCHETTI, para exercer o cargo de Diretor do Banco Central do Brasil, na vaga decorrente do término do mandato de Fernanda Magalhães Rumenos Guardado em 31 de dezembro de 2023.",Votou
5386,2023-12-12,MSF 78/2023,"Submete à apreciação do Senado Federal, nos termos do art. 52, inciso III, alínea “d”, da Constituição, combinado com art. 4º, caput, da Lei Complementar nº 179, de 24 de fevereiro de 2021, o nome do Senhor RODRIGO ALVES TEIXEIRA, para exercer o cargo de Diretor do Banco Central do Brasil, na vaga decorrente do término do mandato de Maurício Costa de Moura em 31 de dezembro de 2023.",Votou
5386,2023-12-12,MSF 83/2023,"Submete à apreciação do Senado Federal, nos termos do art. 52, inciso III, alínea ""f"", da Constituição, combinado com o art. 6º da Lei no 12.529, de 30 de novembro de 2011, o nome do Senhor DIOGO THOMSON DE ANDRADE, para exercer o cargo de Conselheiro do Conselho Administrativo de Defesa Econômica - CADE, com mandato de quatro anos, na vaga decorrente do término do mandato de Luis Henrique Bertolino Braido.",Votou
5386,2023-12-12,MSF 82/2023,"Submete à apreciação do Senado Federal, nos termos do art. 52, inciso III, alínea ""f"", da Constituição, combinado com o art. 6º da Lei no 12.529, de 30 de novembro de 2011, o nome da Senhora CAMILA CABRAL PIRES ALVES, para exercer o cargo de Conselheira do Conselho Administrativo de Defesa Econômica - CADE, com mandato de quatro anos, na vaga decorrente do término do mandato de Sérgio Costa Ravagnani.",Votou
5386,2023-12-12,MSF 81/2023,"Submete à apreciação do Senado Federal, nos termos do art. 52, inciso III, alínea ""f"", da Constituição, combinado com o art. 6º da Lei no 12.529, de 30 de novembro de 2011, o nome do Senhor JOSÉ LEVI MELLO DO AMARAL JÚNIOR, para exercer o cargo de Conselheiro do Conselho Administrativo de Defesa Econômica - CADE, com mandato de quatro anos, na vaga decorrente do término do mandato de Luiz Augusto Azevedo de Almeida Hoffmann.",Votou
5386,2023-12-12,MSF 84/2023,"Submete à apreciação do Senado Federal, nos termos do art. 52, inciso III, alínea ""f"", da Constituição, combinado com o art. 6º da Lei no 12.529, de 30 de novembro de 2011, o nome do Senhor CARLOS JACQUES VIEIRA GOMES, para exercer o cargo de Conselheiro do Conselho Administrativo de Defesa Econômica - CADE, com mandato de quatro anos, na vaga decorrente do término do mandato de Lenisa Rodrigues Prado.",Presente – Não registrou voto
5386,2023-12-12,MSF 75/2023,"Submete à apreciação do Senado Federal, de conformidade com o art. 52, inciso IV, da Constituição, e com o art. 39, combinado com o art. 41 da Lei nº 11.440, de 2006, o nome da Senhora MARIA ELISA TEÓFILO DE LUNA, Ministra de Primeira Classe do Quadro Especial da Carreira de Diplomata do Ministério das Relações Exteriores, para exercer o cargo de Embaixadora do Brasil na República de Trinidad e Tobago.",Presente – Não registrou voto
5386,2023-12-12,MSF 76/2023,"Submete à apreciação do Senado Federal, de conformidade com o art. 52, inciso IV, da Constituição, e com o art. 39, combinado com o art. 46 da Lei nº 11.440, de 2006, o nome da Senhora MARIA CRISTINA DE CASTRO MARTINS, Ministra de Segunda Classe do Quadro Especial da Carreira de Diplomata do Ministério das Relações Exteriores, para exercer o cargo de Embaixadora do Brasil na República Cooperativa da Guiana.",Presente – Não registrou voto
5386,2023-12-12,MSF 86/2023,"Submete à apreciação do Senado Federal, de conformidade com o art. 52, inciso IV, da Constituição, e com o art. 39, combinado com o art. 41 da Lei nº 11.440, de 2006, o nome da Senhora GLIVÂNIA MARIA DE OLIVEIRA, Ministra de Primeira Classe da Carreira de Diplomata do Ministério das Relações Exteriores, para exercer o cargo de Embaixadora do Brasil na República Bolivariana da Venezuela.",Presente – Não registrou voto
5386,2023-12-12,MSF 38/2023,"Submete à apreciação do Senado Federal, de conformidade com o art. 52, inciso IV, da Constituição, e com o art. 39, combinado com o art. 41 da Lei nº 11.440, de 2006, a indicação do Senhor ALFREDO CESAR MARTINHO LEONI, Ministro de Primeira Classe do Quadro Especial da Carreira de Diplomata do Ministério das Relações Exteriores, para exercer o cargo de Embaixador do Brasil no Sultanato de Omã.",Presente – Não registrou voto
